*Vertices 280
*Edges
1 264
2 264
3 264
4 264
5 264
6 264
7 264
8 264
9 264
10 264
11 264
12 264
13 264
14 264
15 264
16 264
17 264
18 264
19 264
20 264
21 264
1 2
1 3
1 4
1 22
1 23
1 24
1 5
1 25
1 6
1 7
1 26
1 8
1 27
1 28
1 29
1 9
1 30
1 10
1 11
1 31
1 12
1 32
1 13
1 33
1 14
1 34
1 16
1 35
1 36
1 17
1 37
1 38
1 39
1 18
1 40
1 41
1 42
1 43
1 44
1 45
1 46
1 47
1 20
1 48
1 21
1 49
1 50
1 51
52 265
53 265
24 265
54 265
55 265
10 265
56 265
57 265
13 265
58 265
59 265
60 265
19 265
20 265
61 265
62 265
63 265
64 265
2 3
2 4
2 65
2 22
2 23
2 24
2 5
2 25
2 6
2 7
2 26
2 8
2 27
2 28
2 29
2 9
2 30
2 10
2 11
2 31
2 12
2 13
2 66
2 33
2 14
2 34
2 16
2 35
2 36
2 37
2 38
2 67
2 39
2 18
2 40
2 41
2 42
2 43
2 44
2 68
2 45
2 46
2 47
2 20
2 69
2 21
2 70
2 49
2 71
2 50
2 72
2 51
2 73
52 74
52 53
52 75
52 76
52 77
52 55
52 78
52 79
52 80
52 81
52 82
52 83
52 57
52 84
52 85
52 86
52 87
52 88
52 89
52 90
52 91
52 92
52 93
3 4
3 65
3 22
3 23
3 24
3 5
3 25
3 6
3 7
3 26
3 8
3 27
3 28
3 29
3 9
3 30
3 10
3 11
3 94
3 31
3 12
3 13
3 33
3 14
3 34
3 16
3 35
3 95
3 36
3 17
3 37
3 38
3 39
3 18
3 40
3 42
3 43
3 44
3 45
3 46
3 47
3 20
3 48
3 21
3 70
3 49
3 50
3 72
3 51
4 65
4 22
4 23
4 24
4 96
4 5
4 25
4 6
4 7
4 26
4 8
4 27
4 28
4 29
4 9
4 30
4 10
4 11
4 94
4 97
4 31
4 13
4 66
4 33
4 14
4 34
4 16
4 35
4 95
4 36
4 37
4 38
4 39
4 18
4 40
4 42
4 43
4 44
4 68
4 45
4 46
4 47
4 20
4 69
4 21
4 98
4 70
4 49
4 71
4 50
4 72
4 51
22 65
23 65
24 65
65 96
5 65
25 65
26 65
8 65
27 65
28 65
9 65
30 65
10 65
11 65
65 94
65 97
31 65
13 65
65 66
33 65
58 65
14 65
34 65
16 65
35 65
36 65
37 65
38 65
39 65
18 65
40 65
42 65
43 65
44 65
65 68
47 65
20 65
65 69
65 99
65 98
65 70
49 65
65 100
65 71
65 101
65 102
65 103
64 65
65 104
65 105
65 106
65 107
65 73
65 108
22 23
22 24
5 22
22 25
6 22
7 22
8 22
22 28
22 29
9 22
11 22
12 22
22 33
22 35
22 36
22 38
22 39
18 22
22 42
22 43
22 44
22 68
22 46
20 22
21 22
22 70
22 49
22 100
22 50
22 72
22 73
53 74
74 75
74 109
74 77
74 110
74 111
74 78
74 79
74 112
74 80
74 113
74 81
74 82
74 114
74 85
74 86
74 115
74 87
74 88
74 116
74 91
74 92
74 117
74 93
74 118
119 266
53 75
53 109
53 77
53 54
53 110
53 111
53 78
53 79
53 112
53 113
53 81
53 82
53 120
53 57
53 121
53 84
53 85
53 122
53 86
53 115
53 87
53 88
53 123
53 116
53 91
53 92
53 124
53 93
23 24
23 96
5 23
23 25
6 23
23 26
8 23
23 27
23 28
9 23
23 30
10 23
11 23
23 97
23 31
13 23
23 66
23 33
23 58
14 23
23 34
16 23
23 35
23 36
23 37
23 38
23 39
18 23
23 40
23 42
23 43
23 44
23 68
23 45
23 46
23 47
20 23
23 69
23 98
23 70
23 49
23 100
23 71
23 50
23 72
23 103
23 107
23 73
23 125
75 109
75 76
54 75
75 110
75 111
75 78
75 112
75 113
75 81
75 82
75 126
75 114
57 75
75 121
75 84
75 85
75 86
75 115
75 87
75 88
75 89
75 127
75 116
75 128
75 129
75 90
75 91
75 92
75 117
75 130
75 93
75 118
75 131
5 24
6 24
7 24
8 24
24 29
9 24
24 30
10 24
11 24
24 56
24 31
12 24
13 24
24 33
24 58
14 24
16 24
24 59
24 36
24 37
24 123
24 67
18 24
24 60
24 132
24 41
24 43
19 24
24 47
20 24
24 69
21 24
24 49
24 100
24 50
24 133
24 134
24 61
24 135
24 62
24 63
24 136
24 103
24 105
24 73
54 109
109 110
109 111
78 109
109 112
109 113
81 109
82 109
109 120
109 126
109 137
109 138
109 139
109 121
85 109
109 140
109 122
86 109
109 115
109 141
109 127
109 130
93 109
109 142
109 143
55 96
96 119
26 96
28 96
96 144
10 96
11 96
56 96
94 96
96 145
96 97
31 96
13 96
33 96
14 96
15 96
16 96
95 96
37 96
18 96
20 96
69 96
96 98
96 100
96 146
96 101
96 135
96 136
96 103
64 96
96 147
96 104
96 105
96 106
96 107
96 108
55 76
76 112
76 80
76 83
76 148
57 76
76 115
76 89
76 90
76 91
76 92
77 79
77 112
77 80
77 82
77 83
77 89
77 91
77 92
54 55
54 110
54 112
54 57
54 115
54 88
54 89
54 91
5 25
5 6
5 7
5 26
5 8
5 27
5 28
5 29
5 9
5 30
5 10
5 11
5 94
5 31
5 12
5 13
5 33
5 14
5 34
5 16
5 35
5 95
5 36
5 17
5 37
5 38
5 39
5 18
5 40
5 41
5 42
5 43
5 44
5 68
5 45
5 46
5 47
5 20
5 48
5 21
5 70
5 49
5 71
5 50
5 72
5 64
5 51
55 56
55 94
55 145
55 97
55 57
14 55
15 55
55 95
55 90
55 101
55 135
55 104
110 111
78 110
110 112
110 113
81 110
82 110
110 120
110 126
110 137
110 139
57 110
110 121
85 110
110 140
110 122
110 115
110 127
110 116
91 110
92 110
110 124
110 130
93 110
26 119
119 144
56 119
94 119
31 119
14 119
95 119
37 119
90 119
20 119
119 136
103 119
119 147
105 119
106 119
119 149
108 119
6 25
25 26
8 25
25 27
25 28
25 29
9 25
25 30
11 25
25 31
25 32
25 66
25 33
25 150
25 34
16 25
25 35
25 36
25 38
25 39
18 25
25 40
25 42
25 43
25 44
25 45
25 46
25 47
20 25
25 70
25 49
25 71
25 50
25 151
25 51
25 125
78 111
111 113
81 111
82 111
111 126
111 137
111 138
111 114
111 139
111 121
85 111
111 140
111 122
111 152
86 111
111 115
111 141
111 153
88 111
111 127
111 116
111 128
92 111
111 117
111 130
93 111
111 154
111 155
111 118
111 131
111 156
111 157
111 158
111 159
111 143
160 267
161 267
48 267
78 112
78 113
78 81
78 82
78 120
78 126
78 137
78 138
78 139
57 78
78 121
78 85
78 140
78 122
78 152
78 86
78 115
78 141
78 87
78 88
78 127
78 116
78 91
78 92
78 124
78 117
78 130
78 93
78 118
78 142
79 112
79 82
79 83
79 148
79 86
79 123
79 91
79 162
82 112
112 120
112 148
57 112
85 112
86 112
112 115
88 112
91 112
92 112
6 7
6 26
6 8
6 27
6 28
6 29
6 9
6 30
6 10
6 11
6 31
6 12
6 32
6 13
6 33
6 34
6 16
6 35
6 59
6 95
6 17
6 37
6 67
6 39
6 18
6 41
6 42
6 43
6 44
6 45
6 19
6 47
6 20
6 48
6 21
6 49
6 50
6 64
80 83
58 80
80 89
80 92
7 8
7 29
7 9
7 30
7 10
7 11
7 12
7 33
7 36
7 67
7 39
7 132
7 41
7 43
7 20
7 21
7 49
7 100
7 50
7 61
7 62
8 26
26 27
26 28
9 26
26 144
26 30
10 26
11 26
26 94
26 31
13 26
26 66
26 33
14 26
26 34
16 26
26 35
26 95
26 36
26 37
26 38
26 39
18 26
26 40
26 42
26 43
26 44
26 68
26 45
26 47
20 26
26 69
26 163
26 98
26 70
26 49
26 71
26 50
26 72
26 103
26 106
26 73
81 113
82 113
113 126
113 137
113 138
113 114
113 139
113 121
85 113
113 140
113 122
113 152
86 113
113 115
113 141
87 113
113 153
113 127
113 116
113 128
113 129
92 113
113 117
113 130
93 113
113 154
113 155
113 118
113 131
113 156
113 157
113 158
113 159
113 164
113 143
113 165
113 166
113 167
113 168
113 169
8 27
8 28
8 29
8 9
8 30
8 10
8 11
8 31
8 12
8 13
8 33
8 14
8 34
8 16
8 35
8 36
8 17
8 37
8 38
8 67
8 39
8 18
8 40
8 132
8 41
8 42
8 43
8 44
8 68
8 45
8 19
8 47
8 20
8 69
8 21
8 70
8 49
8 100
8 50
8 72
8 62
8 136
8 103
8 73
27 28
9 27
27 30
10 27
11 27
27 31
27 66
27 33
27 150
27 34
16 27
27 35
27 36
27 37
27 38
27 39
18 27
27 40
27 42
27 43
27 44
27 68
27 45
27 46
27 47
20 27
27 69
27 163
27 98
27 70
27 49
27 71
27 50
27 72
27 102
27 103
27 73
27 125
9 28
28 30
10 28
11 28
28 94
28 31
13 28
28 66
28 33
14 28
28 34
16 28
28 35
28 36
28 37
28 38
28 39
18 28
28 40
28 42
28 44
28 68
28 45
28 46
28 47
20 28
28 69
28 163
28 98
28 70
28 49
28 71
28 72
28 102
28 64
28 106
28 73
81 82
81 126
81 137
81 138
81 114
81 139
81 121
81 84
81 85
81 140
81 122
81 152
81 86
81 115
81 141
81 87
81 127
81 116
81 128
81 129
81 91
81 92
81 117
81 130
81 93
81 154
81 118
81 170
81 131
81 156
81 157
81 171
81 158
81 172
81 159
81 173
81 164
81 174
81 165
9 29
10 29
11 29
12 29
29 36
29 38
29 67
29 39
18 29
29 132
29 43
29 47
20 29
21 29
29 49
29 50
29 62
9 30
9 10
9 11
9 94
9 31
9 32
9 66
9 33
9 34
9 16
9 35
9 36
9 37
9 38
9 39
9 18
9 40
9 42
9 43
9 44
9 68
9 45
9 46
9 47
9 20
9 69
9 163
9 21
9 98
9 70
9 49
9 71
9 50
9 72
9 51
9 73
82 126
82 114
57 82
82 121
82 85
82 122
82 86
82 115
82 87
82 88
82 116
82 91
82 92
82 130
82 93
82 118
82 142
57 120
83 148
57 83
83 86
83 88
83 89
83 90
83 91
83 92
63 83
83 103
83 175
126 138
121 126
85 126
122 126
86 126
115 126
87 126
126 127
116 126
91 126
92 126
124 126
117 126
126 130
93 126
126 154
118 126
126 131
126 172
56 144
94 144
31 144
14 144
15 144
95 144
37 144
90 144
144 176
41 144
68 144
47 144
20 144
69 144
144 177
144 146
101 144
133 144
135 144
136 144
103 144
64 144
144 147
104 144
105 144
106 144
144 178
144 149
108 144
11 30
30 31
30 66
30 33
30 58
30 34
16 30
30 35
30 36
30 37
30 38
30 39
18 30
30 40
30 43
30 44
30 46
30 47
20 30
30 69
30 70
30 49
30 71
30 50
30 73
179 268
10 11
10 56
10 94
10 97
10 31
10 12
10 13
10 66
10 33
10 58
10 14
10 15
10 16
10 35
10 59
10 95
10 36
10 37
10 67
10 18
10 41
10 42
10 43
10 19
10 47
10 20
10 69
10 21
10 49
10 100
10 50
10 135
10 62
10 63
10 102
10 136
10 103
10 64
10 104
10 105
10 106
10 107
10 73
10 108
11 31
11 13
11 66
11 33
11 14
11 34
11 16
11 35
11 36
11 37
11 38
11 39
11 18
11 40
11 42
11 43
11 44
11 68
11 45
11 46
11 47
11 20
11 69
11 98
11 70
11 49
11 71
11 50
11 72
11 103
11 107
11 73
137 138
137 139
85 137
137 140
122 137
137 152
137 141
127 137
116 137
128 137
130 137
137 155
131 137
137 156
137 157
137 180
137 159
137 143
137 181
137 166
137 167
137 168
137 182
56 94
56 145
56 148
31 56
13 56
56 58
14 56
15 56
16 56
56 59
56 95
37 56
20 56
56 135
56 63
56 103
56 64
56 104
56 105
56 106
56 108
94 145
94 97
31 94
13 94
14 94
15 94
16 94
59 94
94 95
37 94
90 94
18 94
94 176
41 94
42 94
47 94
20 94
69 94
94 101
94 135
63 94
94 102
94 136
94 103
64 94
94 147
94 104
94 105
94 106
94 149
94 107
73 94
94 108
97 145
13 145
14 145
15 145
95 145
135 145
64 145
104 145
31 97
33 97
14 97
16 97
95 97
18 97
47 97
20 97
97 100
97 146
97 101
64 97
97 105
97 106
97 108
114 138
138 139
121 138
85 138
138 140
122 138
138 152
138 141
127 138
116 138
128 138
129 138
92 138
117 138
130 138
138 154
138 155
118 138
131 138
138 156
138 157
138 158
138 180
138 159
138 164
138 143
138 183
138 165
138 166
138 167
138 168
138 184
138 182
57 148
86 148
90 148
91 148
13 31
31 66
31 33
31 58
14 31
31 34
16 31
31 35
31 59
31 95
31 36
31 37
31 38
31 39
18 31
31 40
31 176
31 41
31 42
31 43
31 44
31 68
31 45
31 47
20 31
31 69
31 163
31 98
31 70
31 49
31 50
31 72
31 102
31 103
31 64
31 147
31 105
31 106
31 149
31 107
31 73
31 108
85 114
86 114
114 115
87 114
88 114
114 128
92 114
114 117
93 114
114 170
114 131
114 158
85 139
139 140
122 139
139 152
139 141
127 139
128 139
117 139
130 139
139 155
118 139
131 139
139 185
139 156
139 180
139 159
139 143
139 181
139 166
139 168
57 121
57 84
57 86
57 115
57 87
57 88
57 89
57 90
57 91
57 92
57 124
57 93
57 63
85 121
121 122
115 121
121 141
87 121
121 127
116 121
121 124
121 130
93 121
84 87
84 89
84 91
84 92
84 93
84 154
84 99
84 101
84 186
84 172
84 165
12 13
12 59
12 17
12 67
12 60
12 132
12 41
12 43
12 19
12 20
12 21
12 49
12 50
12 134
12 61
12 62
85 122
85 152
85 86
85 115
85 141
85 87
85 88
85 127
85 116
85 128
85 129
85 91
85 92
85 117
85 130
85 93
85 154
85 118
85 170
85 131
85 156
85 157
85 142
85 158
85 159
85 164
85 143
85 166
85 167
85 169
32 150
32 160
17 32
32 44
32 46
32 48
32 187
32 151
32 51
32 188
13 33
13 58
13 14
13 15
13 16
13 35
13 59
13 95
13 37
13 18
13 42
13 19
13 47
13 20
13 69
13 135
13 64
33 66
58 66
14 66
34 66
16 66
35 66
38 66
39 66
18 66
40 66
44 66
46 66
20 66
66 69
66 98
66 70
66 71
66 189
66 190
66 191
66 125
66 192
122 140
140 152
140 141
127 140
130 140
140 193
140 143
140 194
140 181
140 195
115 122
122 141
116 122
117 122
122 130
122 143
14 33
33 34
16 33
33 35
33 36
33 38
33 39
18 33
33 40
33 42
33 43
33 44
33 68
33 45
33 47
20 33
33 69
33 98
33 49
33 100
33 71
33 72
33 62
33 136
33 103
33 105
33 196
33 107
14 58
16 58
58 59
37 58
18 58
20 58
58 69
58 63
58 102
58 103
58 64
34 150
150 160
38 150
39 150
40 150
44 150
46 150
48 150
150 197
150 187
70 150
150 198
150 151
150 199
150 190
150 191
150 200
150 201
125 150
150 192
86 152
141 152
127 152
116 152
128 152
92 152
117 152
130 152
152 154
152 155
152 156
152 157
152 171
152 158
152 159
143 152
152 181
152 183
152 165
152 166
152 167
152 168
152 169
152 182
14 15
14 16
14 35
14 95
14 37
14 18
14 42
14 47
14 20
14 69
14 98
14 101
14 135
14 103
14 64
14 104
14 105
14 106
14 107
14 108
86 115
86 87
86 88
86 116
86 90
86 91
86 92
86 117
86 130
86 93
86 118
86 170
86 131
86 142
86 158
15 95
15 60
15 20
15 135
16 34
34 35
34 36
34 37
34 38
34 39
18 34
34 40
34 42
34 43
34 44
34 68
34 45
34 46
34 47
20 34
34 69
34 163
34 98
34 70
34 49
34 71
34 50
34 72
34 102
34 103
34 106
34 73
34 125
87 115
88 115
115 116
115 129
90 115
91 115
92 115
115 117
115 130
93 115
115 118
115 170
115 131
16 35
16 59
16 95
16 36
16 37
16 38
16 39
16 18
16 40
16 42
16 44
16 68
16 47
16 20
16 69
16 98
16 70
16 49
16 71
16 102
16 103
16 64
16 105
16 106
16 107
16 73
16 108
17 160
160 161
46 160
48 160
127 141
116 141
128 141
117 141
130 141
141 154
141 155
118 141
131 141
141 185
141 156
141 157
141 158
141 180
141 159
141 143
141 181
141 183
141 166
141 167
141 168
87 116
87 129
87 91
87 92
87 117
87 130
87 93
87 154
87 118
87 172
87 173
87 165
87 202
59 269
35 36
35 37
35 38
35 39
18 35
35 40
35 42
35 44
35 68
35 45
35 46
35 47
20 35
35 70
35 49
35 71
35 72
35 51
35 203
59 95
37 59
59 67
18 59
41 59
19 59
47 59
20 59
59 62
59 63
59 103
59 64
59 108
37 95
18 95
60 95
95 176
41 95
42 95
47 95
20 95
95 135
62 95
63 95
95 136
95 103
64 95
95 147
95 105
95 106
95 149
95 108
36 37
36 38
36 67
36 39
18 36
36 40
36 176
36 42
36 43
36 44
36 68
36 46
36 47
20 36
36 69
36 163
36 177
36 70
36 49
36 100
36 71
36 50
36 72
36 133
36 62
36 136
36 103
36 204
36 147
36 105
36 203
36 178
36 149
36 107
36 73
17 19
17 48
17 21
37 39
18 37
37 40
37 176
37 41
37 42
37 68
37 47
20 37
37 69
37 98
37 70
37 49
37 100
37 50
37 135
37 102
37 103
37 64
37 147
37 106
37 178
37 149
37 73
37 205
37 108
116 153
124 153
153 154
153 158
134 179
179 206
179 207
88 90
88 91
88 93
88 146
63 88
88 108
89 90
89 91
89 92
89 101
67 123
123 132
123 162
123 134
61 123
63 123
123 175
123 208
116 127
127 128
117 127
127 130
118 127
127 157
127 159
127 173
38 39
18 38
38 40
38 42
38 43
38 44
38 68
38 46
38 47
20 38
38 69
38 163
38 98
38 70
38 49
38 100
38 71
38 50
38 72
38 103
38 190
38 107
38 191
38 73
38 125
38 209
116 128
91 116
92 116
116 124
116 117
116 130
93 116
116 154
116 156
116 157
116 158
116 159
116 165
60 67
67 132
67 176
41 67
43 67
19 67
20 67
67 177
21 67
49 67
67 100
50 67
67 133
67 134
61 67
62 67
67 136
67 208
128 129
92 128
117 128
128 130
128 154
128 155
118 128
128 170
128 131
128 210
128 156
128 157
128 158
128 180
128 159
128 173
128 164
128 211
128 143
128 183
128 212
128 174
128 165
128 166
128 202
128 167
128 213
128 214
128 168
128 184
128 169
128 182
128 215
128 216
92 129
117 129
129 130
93 129
118 129
129 157
129 142
129 217
129 173
129 164
129 218
177 270
49 270
100 270
62 270
136 270
18 39
39 40
39 42
39 43
39 44
39 68
39 46
39 47
20 39
39 69
39 163
39 70
39 49
39 100
39 71
39 50
39 72
39 73
161 200
90 91
90 92
90 162
90 146
90 101
90 219
90 103
90 175
90 105
90 108
91 92
91 117
91 93
91 154
91 118
91 170
91 101
91 220
18 40
18 41
18 42
18 43
18 44
18 68
18 45
18 46
18 47
18 20
18 69
18 98
18 70
18 49
18 71
18 50
18 72
18 102
18 103
18 64
18 106
18 107
18 73
18 108
92 117
92 130
92 93
92 154
92 155
92 118
92 170
92 131
92 157
92 158
92 172
92 159
92 173
92 220
92 164
92 183
92 174
92 165
92 168
92 216
93 124
124 159
60 132
60 176
41 60
21 60
60 133
60 134
60 61
60 62
60 63
60 136
60 208
40 43
40 44
40 68
40 46
40 47
20 40
40 69
40 163
40 98
40 70
40 49
40 100
40 71
40 50
40 102
40 103
40 189
40 190
40 191
40 73
40 125
117 130
93 117
117 154
117 155
117 118
117 170
117 131
117 156
117 157
117 158
117 172
117 159
117 173
117 164
117 211
117 143
117 183
117 221
117 174
117 165
117 166
117 167
117 168
117 182
117 216
93 130
130 155
118 130
130 131
130 156
130 157
130 171
130 158
130 159
130 164
130 143
130 183
130 221
130 165
130 166
130 167
130 168
130 182
41 132
43 132
132 222
50 132
132 133
132 134
61 132
62 132
132 175
132 223
132 208
93 118
93 170
93 131
93 157
93 158
41 176
43 176
47 176
20 176
176 177
49 176
100 176
50 176
72 176
133 176
61 176
176 224
62 176
136 176
103 176
176 204
175 176
147 176
105 176
176 178
149 176
107 176
73 176
176 205
108 176
41 43
41 47
20 41
21 41
41 50
41 133
41 224
41 62
41 63
41 136
41 103
41 204
41 147
41 105
41 149
42 43
42 44
42 68
42 45
42 47
20 42
42 49
42 71
42 50
42 72
42 64
42 107
42 73
154 155
154 157
154 158
154 159
154 173
154 220
154 164
154 183
154 174
154 165
154 216
43 68
43 47
20 43
43 69
43 177
21 43
43 70
43 49
43 100
43 71
43 50
43 72
43 133
43 61
43 224
43 62
43 136
43 103
43 223
43 147
43 105
43 178
43 149
43 107
43 73
44 68
44 45
44 46
44 69
44 163
44 187
44 70
44 49
44 71
44 151
44 190
44 191
44 125
44 209
44 225
49 271
223 271
205 271
47 68
20 68
68 69
68 163
68 99
68 98
68 70
49 68
68 100
68 71
50 68
68 72
68 226
68 136
68 103
68 147
68 105
68 203
68 196
68 178
68 149
68 107
68 73
68 125
45 47
20 45
19 21
19 134
19 62
46 163
46 48
46 187
46 70
46 49
46 50
46 151
46 51
46 188
46 190
46 191
46 125
46 192
20 47
47 69
47 98
47 70
47 49
47 100
47 71
47 50
47 72
47 136
47 103
47 64
47 147
47 105
47 149
47 73
47 108
20 69
20 21
20 70
20 49
20 100
20 71
20 50
20 72
20 135
20 62
20 102
20 136
20 103
20 64
20 147
20 105
20 106
20 149
20 107
20 73
20 108
155 170
155 210
155 156
155 157
155 158
155 180
155 159
155 220
155 211
143 155
155 183
155 166
155 167
155 227
155 168
155 184
155 182
69 98
69 70
49 69
69 100
50 69
69 72
69 135
69 102
69 103
69 147
69 105
69 106
69 149
69 107
69 73
69 108
70 163
163 178
73 163
99 100
99 101
99 186
99 147
99 105
99 189
99 149
99 107
73 99
99 228
49 177
100 177
177 229
72 177
146 177
133 177
61 177
177 219
177 224
62 177
136 177
177 204
175 177
147 177
105 177
177 230
177 208
177 178
149 177
107 177
177 205
21 48
48 187
48 51
21 49
21 100
21 50
21 62
98 103
73 98
197 198
190 197
191 197
197 201
192 197
197 225
151 187
187 231
187 188
118 157
118 142
118 173
131 170
157 170
170 229
158 170
170 172
170 220
170 183
166 170
167 170
168 170
170 182
170 216
131 157
131 158
131 180
131 172
131 159
131 143
157 210
158 210
168 210
156 157
156 171
156 158
156 180
156 159
143 156
156 183
156 166
156 167
156 168
156 184
156 182
156 215
157 158
157 159
157 173
157 164
157 211
143 157
157 183
157 174
157 165
157 166
157 167
157 168
157 184
157 169
157 182
157 232
157 216
157 233
49 70
70 71
50 70
70 151
70 189
70 190
70 107
70 191
70 73
207 272
234 272
235 272
236 272
237 272
49 100
49 71
49 50
49 72
49 133
49 62
49 136
49 103
49 204
49 223
49 147
49 105
49 178
49 149
49 107
49 73
49 205
71 100
50 100
72 100
100 146
100 133
61 100
100 219
100 224
62 100
63 100
100 136
100 103
100 204
100 175
100 147
100 105
100 178
100 149
100 107
73 100
100 205
100 108
151 198
190 198
191 198
192 198
236 273
229 238
229 239
168 171
171 240
50 71
71 72
71 147
71 203
71 149
71 107
71 73
50 72
50 62
50 241
50 103
50 147
50 178
50 149
50 107
50 73
72 136
72 147
72 105
72 203
72 196
72 149
72 107
72 73
162 219
162 204
162 175
105 162
162 230
101 146
146 219
146 224
135 146
63 146
136 146
103 146
146 204
146 147
105 146
106 146
146 149
108 146
101 104
101 108
61 133
133 219
133 224
62 133
63 133
133 136
133 204
133 175
133 223
133 147
105 133
133 230
133 208
133 149
61 134
134 206
62 134
134 208
134 242
243 274
207 274
234 274
235 274
236 274
244 274
61 219
61 224
61 62
61 136
61 175
61 223
61 105
61 230
61 208
219 224
136 219
103 219
204 219
175 219
147 219
105 219
219 230
149 219
205 219
245 275
243 275
207 275
234 275
236 275
193 243
193 246
158 159
158 183
158 174
158 167
158 168
158 182
158 232
158 216
168 238
182 238
245 247
159 180
164 180
143 180
180 183
180 212
166 180
167 180
168 180
180 182
180 232
180 215
172 174
159 164
159 181
159 183
159 174
159 165
159 166
159 167
159 213
159 168
159 182
159 232
159 215
159 216
164 173
173 174
165 173
173 202
173 240
173 216
183 220
169 220
62 224
63 224
136 224
103 224
204 224
175 224
147 224
105 224
224 230
196 224
149 224
107 224
73 224
108 224
63 135
103 135
104 135
108 135
62 63
62 136
62 175
62 64
62 147
62 105
62 230
62 208
62 178
62 149
62 107
62 73
62 205
164 183
164 212
164 174
164 165
164 166
164 202
164 167
164 168
164 169
164 182
151 231
151 190
151 191
151 201
151 192
151 248
211 227
168 211
184 211
182 211
211 233
63 102
63 136
63 103
63 175
63 64
63 147
63 104
63 105
63 106
63 108
143 181
143 249
143 167
143 168
143 182
194 243
207 243
234 243
243 250
243 251
243 252
235 243
243 246
236 243
237 243
243 244
102 103
64 102
102 104
102 106
102 108
103 136
136 204
136 175
136 147
105 136
136 230
136 196
136 178
136 149
107 136
73 136
136 205
108 136
103 204
103 223
64 103
103 147
103 104
103 105
103 106
103 178
103 149
103 107
73 103
103 205
103 108
147 204
105 204
178 204
149 204
107 204
73 204
204 205
108 204
175 223
147 175
105 175
175 230
175 208
149 175
107 175
175 205
108 175
175 239
175 228
147 223
223 230
208 223
149 223
205 223
181 194
194 207
194 252
181 249
181 215
181 253
64 105
64 107
64 108
183 212
174 183
165 183
166 183
167 183
183 214
168 183
169 183
182 183
183 232
183 215
183 216
190 276
200 276
201 276
125 276
192 276
248 276
105 147
147 230
106 147
147 178
147 149
107 147
73 147
147 205
108 147
147 239
147 228
104 105
104 106
104 107
104 108
166 221
168 221
182 221
216 221
166 212
167 212
168 212
184 212
182 212
165 174
168 174
169 174
174 216
207 234
207 252
207 235
207 236
207 244
165 166
165 202
165 213
165 168
165 182
165 216
165 233
215 249
249 253
166 167
166 214
166 168
166 169
166 182
166 232
166 215
166 216
234 250
234 235
234 236
234 237
234 244
234 247
250 254
195 255
251 256
237 251
251 257
167 168
167 184
167 169
167 182
167 232
167 215
167 216
105 230
105 106
105 196
105 178
105 149
105 107
73 105
105 205
105 108
208 230
149 230
107 230
205 230
108 230
106 149
106 107
106 108
178 208
205 208
256 258
196 203
149 196
107 196
149 178
107 178
73 178
178 205
168 227
182 227
227 233
169 214
214 215
188 231
235 246
235 236
235 244
168 184
168 182
168 232
168 216
168 233
182 184
184 233
259 277
169 232
182 215
182 216
182 233
236 237
236 244
107 149
73 149
149 205
108 149
149 239
149 228
253 278
257 279
190 191
190 200
190 201
125 190
190 259
190 192
190 248
190 225
73 107
107 205
107 108
107 228
216 240
254 260
261 280
191 200
191 201
125 191
191 259
191 192
191 248
191 209
191 225
200 201
125 200
200 259
192 200
200 225
125 201
192 201
201 225
73 205
73 108
73 239
73 228
125 259
125 192
125 209
125 225
215 216
215 262
192 259
209 259
225 259
192 248
192 225
192 263
108 205
205 239
205 228
108 228
228 239
